56 4 150 1 1 -3.64 1 3 31 1 52 263 0 0 0 0 0.64 1 1 1 1
51 2 176 1.15 1 -3.68 1 1 29 3 51 172 0 0 0.0284 1 0.748 0.987 0.994 1 1
85 11 183 1.06 1.04 -3.19 0.5 6 59 102 69 415 0.768 0 0.00546 1 0.575 0.983 1 1 1
104 8 255 1.15 1.02 -3.4 0.95 4 53 160 75 424 2.89 0 0.00392 1 0.64 0.966 1 1 1
65 1 203 1 1 -3.67 1 1 65 138 65 373 0 0 0 0 0.696 1 1 1 1
394 86 411 1.56 1.17 -1.44 1 15 1 21 75 491 108 0 0.258 2 0.359 0.764 0.972 0.985 1
86 12 224 1.15 1.06 -2.95 0.5 7 44 8 69 210 41.9 0 0.0223 1 0.654 0.979 1 1 1
100 15 247 1.08 1.02 -3.4 1 6 65 1 74 508 18.3 0 0.0202 1 0.63 0.981 1 1 1
39 8 61 1.22 0.949 -4.15 1 5 23 1 25 68 3.01 0 0.0164 2 0.463 0.937 0.984 1 1
80 2 178 1 1 -3.61 1 2 79 98 79 282 0 0 0 0 0.573 1 1 1 1
158 50 132 1.91 1.06 -2.58 0.8 15 55 3 68 168 60.5 0.0227 0.356 2 0.296 0.694 0.893 0.992 1
91 23 116 1.42 1.02 -3.22 0.545 11 31 41 52 240 44.6 0 0.069 2 0.37 0.927 0.946 1 1
180 36 240 1.28 1.01 -3.43 0.4 11 60 16 90 530 18 0 0.0625 2 0.378 0.916 0.998 1 1
33 5 143 1.12 1 -3.7 1 3 24 112 26 248 3.85 0 0.014 1 0.792 0.986 1 1 1
66 3 242 1.03 1 -3.68 0.5 3 64 176 64 313 -0.0625 0 0 0 0.741 1 1 1 1
367 126 192 3.1 1.21 -0.569 0.692 33 1 16 51 229 19.9 0.193 0.885 3 0.224 0.474 0.666 0.836 1
51 15 76 2.1 1.1 -2.37 1 10 14 48 19 260 8.03 0.0526 0.197 3 0.642 0.934 0.934 0.947 1
273 55 268 1.56 1.05 -2.74 0.929 11 72 3 123 470 107 0.00373 0.254 2 0.296 0.826 0.959 0.978 1
27 12 79 1.12 1 -3.66 0.25 6 7 53 9 126 15.9 0 0.0127 1 0.676 0.987 1 1 1
207 57 208 1.28 1.14 -1.75 0.955 15 64 1 79 406 41.7 0 0.0673 2 0.152 0.896 0.984 0.995 1
356 91 386 1.74 1.2 -1.11 1 20 1 5 141 632 36.3 0.013 0.269 3 0.41 0.819 0.957 0.978 1
21 5 19 1.2 1.1 -2.24 1 2 12 7 12 293 0.768 0 0.158 1 0.0864 0.849 1 1 1
134 59 71 2.69 1.11 -1.73 0.5 20 27 22 27 173 40.2 0.0423 0.606 2 0.069 0.494 0.786 0.894 1
394 156 94 6.2 1.16 -0.269 0.857 44 27 14 28 86 44.6 0.33 2 4 0.00322 0.243 0.377 0.481 1
162 81 56 3.93 1.13 -1.13 0.909 29 10 25 12 175 30 0.161 1.2 5 0.0781 0.453 0.563 0.625 1
81 37 44 2.52 1.17 -1.03 1 14 8 12 4 0 48.6 0.0227 0.682 2 0.115 0.548 0.822 0.876 1
340 155 102 5.25 1.22 0.148 0.8 37 15 30 16 135 91.5 0.206 1.57 5 0.101 0.357 0.506 0.625 1
142 81 87 2.87 1.19 -0.91 0.706 26 7 46 7 197 50.5 0.172 0.667 3 0.29 0.556 0.757 0.866 1
101 39 95 1.81 1.15 -1.62 1 10 7 59 2 0 12.2 0 0.189 1 0.206 0.779 0.971 1 1
104 54 82 1.77 1.17 -1.25 0.786 11 22 31 23 249 96.1 0.0122 0.268 2 0.157 0.772 0.856 0.988 1
362 145 113 4.95 1.14 -0.846 0.556 39 10 48 17 162 76.1 0.257 1.4 5 0.135 0.496 0.63 0.717 1
112 52 90 1.96 1.03 -2.99 1 14 18 76 18 263 31.2 0.0333 0.267 2 0.254 0.72 0.874 0.944 1
1 1 3 1 1 -3.66 1 1 1 2 0 51 0 0 0 0 0.667 1 1 1 1
277 140 31 15 1.23 2.46 0.528 36 3 10 5 11 29.2 0.839 4.19 7 0.000171 0.0646 0.0699 0.161 0
82 60 9 12.9 1.18 1.92 0.154 28 1 3 3 2 38.7 0.667 4.22 5 4.22e-08 0.000663 0.133 0.222 0
145 94 14 15.5 1.2 2.61 0.444 32 4 8 5 9 13.7 1.07 5.43 8 2.07e-12 4.26e-06 0.000246 0 0
55 35 8 9.83 1.42 3.83 0.889 18 3 5 5 11 16 0.375 4.88 4 0.00218 0.25 0.258 0.312 0
31 23 12 6 1.32 1.02 1 10 2 3 0 19 19.8 0.0833 1 4 0.252 0.417 0.505 0.75 0
30 27 6 5.67 1.4 2.88 0.6 15 1 1 0 10 20.4 0.5 1.17 3 6.96e-08 0.0209 0.167 0.5 0
64 48 8 9.62 1.33 3.2 0.909 24 4 4 5 5 15.4 0.625 3.75 5 6.95e-06 0.0082 0.125 0.125 0
76 50 8 14.5 1.18 2.09 0.222 22 1 3 1 3 27.9 0.25 4.38 12 2.15e-14 2.65e-06 6.56e-07 0 0
125 69 11 17 1.3 4.13 0.286 22 7 10 10 3 45.5 0.818 5 6 9.18e-13 3.37e-06 0.00758 0 0
26 24 6 5.83 1.35 1.98 0.286 9 1 2 3 2 17.7 0 1.83 3 2.25e-10 0.000968 0.0208 0.25 0
144 68 19 10.4 1.21 1.62 0.421 28 4 6 6 15 55.7 0.526 3.53 6 0.0012 0.212 0.316 0.316 0
74 49 10 11.4 1.15 0.85 0.833 21 1 4 4 7 75.7 0.4 3.3 7 5.58e-06 0.00656 0.114 0.125 0
30 23 7 7 1.37 2.21 0.833 17 2 2 2 8 2.49 0 2.43 4 0.00299 0.286 0.304 0.286 0
47 36 5 13.8 1.38 4.4 0.5 16 4 4 3 6 37.5 0.2 5.6 4 6e-11 5.12e-07 0 0 0
89 59 10 14.9 1.34 3.66 0.375 20 1 3 2 4 40.3 0.5 3.8 7 0.000294 0.2 0.202 0.2 0
86 55 9 12.9 1.31 3.64 0.7 28 3 1 2 4 18.8 0.778 5.44 4 4.05e-17 3.8e-08 0.000317 0 0
117 68 17 8.38 1.24 1.72 0.5 25 3 9 7 16 42.5 0.471 3.24 4 1.93e-05 0.0598 0.0722 0.176 0
101 53 13 16.1 1.36 3.45 0.5 22 2 0 0 8 46.2 0.923 3.69 7 5.63e-09 0.00156 0.0322 0.115 0
59 46 12 6.18 1.36 2.33 0.833 21 2 3 4 10 33.7 0 1.75 6 5.64e-08 0.00133 0.208 0.417 0
49 26 24 2.37 1.22 -0.345 0.333 10 2 1 4 23 31.7 0.125 0.625 3 0.00693 0.51 0.714 0.917 0
88 45 31 3.36 1.12 -1.21 0.75 21 2 14 2 51 30.1 0.161 0.806 5 0.00357 0.325 0.503 0.726 0
86 27 48 2.41 1.05 -2.54 0.4 14 1 5 8 47 19.2 0.0625 0.458 2 0.0103 0.543 0.792 0.896 0
57 28 31 2.23 1.26 0.0324 1 15 1 1 0 28 38.8 0 0.548 2 0.00163 0.479 0.871 0.903 0
67 30 36 2.5 1.09 -2.01 1 13 1 7 1 36 48.3 0.0278 0.528 2 0.00291 0.581 0.807 0.861 0
44 27 20 2.29 1.2 -0.518 0.75 13 4 6 4 27 13.1 0 0.85 2 0.00642 0.49 0.743 0.861 0
149 66 63 2.96 1.1 -1.68 0.643 24 5 16 6 56 64 0.0159 0.794 4 0.00641 0.491 0.677 0.778 0
100 52 43 2.76 1.16 -0.995 0.857 20 4 6 3 59 29.6 0.0465 0.744 3 0.00507 0.46 0.652 0.814 0
128 61 41 3.74 1.13 -1.01 0.5 28 1 5 4 60 38.9 0.122 1.2 3 0.00448 0.187 0.413 0.732 0
125 68 40 3.59 1.12 -1.16 0.95 23 5 10 4 68 44.1 0.075 1.27 3 0.0022 0.215 0.448 0.59 0
45 33 15 3.91 1.11 -1.31 0.833 16 3 3 0 22 78.9 0.0667 1.27 3 5.36e-06 0.0821 0.448 0.756 0
89 54 28 3.6 1.15 -0.827 0.846 16 5 8 0 31 76.5 0.107 1.21 3 0.000447 0.212 0.449 0.58 0
63 33 17 4.57 1.03 -1.97 0.889 22 3 11 1 32 23.2 0.176 1.41 3 0.00582 0.294 0.373 0.353 0
89 42 22 4.74 1.07 -1.42 0.571 17 5 17 0 48 109 0.136 1.91 3 0.00148 0.28 0.321 0.455 0
81 45 24 3.96 1.17 -0.434 0.833 23 1 12 2 17 36.9 0.25 1.38 3 0.00226 0.144 0.356 0.546 0
165 81 33 7.43 1.13 -0.267 0.81 29 1 28 5 21 40.5 0.212 2.55 6 0.00541 0.132 0.226 0.322 0
114 61 30 4.67 1.11 -0.962 0.941 25 8 14 8 29 61.4 0.233 1.43 4 0.00307 0.238 0.374 0.45 0
32 25 13 3 1.12 -1.35 1 13 2 0 0 26 15.8 0 1 2 0.000824 0.189 0.635 0.923 0
31 10 23 1.37 1.1 -2.12 1 6 8 0 1 78 35.9 0 0.348 1 0.00136 0.684 1 1 0
33 15 22 1.71 1.03 -2.85 0.571 7 10 3 1 18 58 0 0.273 2 0.000609 0.58 0.977 1 0
30 12 20 1.85 1.07 -2.42 1 6 9 6 0 88 7.86 0 0.5 1 0.00277 0.594 0.975 1 0
79 19 60 1.39 1.22 -0.737 1 7 1 1 5 104 50.9 0 0.217 1 0.00347 0.695 1 1 0
102 36 54 2.07 1.33 0.88 0.929 11 2 10 4 49 112 0.0185 0.556 2 0.00489 0.492 0.786 0.944 0
80 32 47 2.15 1.34 0.856 0.714 8 9 6 0 75 41.6 0 0.511 2 0.00221 0.492 0.83 1 0
101 33 51 2.23 1.22 -0.447 0.938 11 17 18 0 48 55.1 0.0588 0.51 2 0.00187 0.49 0.753 0.894 0
148 71 53 3.32 1.16 -0.787 0.8 31 1 8 3 61 68.1 0.208 1.36 4 0.00358 0.295 0.515 0.687 0
98 46 45 2.49 1.36 1.27 0.933 13 7 18 0 58 109 0.0444 0.622 3 0.00171 0.304 0.69 0.963 0
106 41 56 2 1.3 0.51 0.952 13 8 11 0 51 92.9 0.161 0.482 2 0.0021 0.533 0.704 0.929 0
50 31 26 2.16 1.2 -0.68 0.8 13 1 1 2 32 50.4 0 0.462 2 0.00223 0.349 0.868 1 0
68 48 30 2.96 1.21 -0.477 0.538 15 1 10 3 41 66.6 0.1 0.6 3 0.000784 0.428 0.611 0.8 0
71 39 31 2.74 1 -2.9 0.538 16 2 8 0 22 19.6 0.0323 0.581 3 0.000864 0.47 0.587 0.787 0
66 29 27 2.7 1.21 -0.334 0.8 13 1 7 0 11 31.4 0.148 0.593 3 0.000952 0.309 0.545 0.889 0
106 41 38 3.42 1.22 -0.142 0.481 15 2 9 5 23 48.8 0.184 1 3 0.00434 0.24 0.405 0.724 0
101 54 41 2.85 1.18 -0.726 0.85 19 1 4 1 24 95.7 0.0732 0.659 3 0.000491 0.24 0.586 0.829 0
162 70 50 3.89 1.29 0.897 0.607 23 5 2 2 37 47.4 0.1 1.2 4 0.000487 0.177 0.331 0.615 0
302 121 109 3.35 1.18 -0.639 0.569 30 3 9 8 139 16.4 0.0917 1.01 3 0.00217 0.25 0.486 0.699 0
94 38 46 2.35 1.31 0.647 1 18 1 1 5 54 35.3 0.13 0.457 2 0.00808 0.408 0.702 0.942 0
156 58 65 3 1.11 -1.57 0.609 26 1 4 9 68 85.5 0.0462 0.785 3 0.00563 0.38 0.639 0.79 0
45 29 27 2.57 1.36 1.06 0.833 12 6 0 3 41 56.3 0.037 0.259 3 0.00771 0.67 0.782 0.889 0
85 47 34 3.33 1.11 -1.57 0.765 17 4 3 1 32 80.8 0.0882 0.647 2 0.00511 0.326 0.645 0.775 0
117 54 45 2.93 1.21 -0.255 0.8 20 1 3 7 40 96.9 0.111 0.956 3 0.00225 0.264 0.522 0.804 0
92 50 33 3.75 1.32 1.02 0.5 20 2 0 1 40 55.8 0.121 1.18 4 0.00131 0.328 0.504 0.758 0
53 22 26 2.28 1.23 -0.323 0.769 8 6 0 0 35 80.4 0 0.5 2 0.00209 0.31 0.808 1 0
143 63 56 3.04 1.23 -0.071 0.643 23 3 3 13 56 126 0.214 1.11 3 0.00846 0.39 0.543 0.804 0
117 64 53 3.02 1.26 0.197 0.364 23 3 2 8 57 150 0.151 0.811 4 0.00483 0.524 0.702 0.811 0
169 80 57 4.07 1.15 -0.888 0.84 26 1 3 7 58 38.6 0.14 1.23 3 0.00808 0.342 0.451 0.674 0
188 77 67 4.05 1.24 0.192 1 25 2 4 14 23 44.2 0.149 1.06 4 0.00505 0.333 0.57 0.739 0
240 94 72 4.5 1.19 -0.277 0.516 37 7 5 6 23 79.6 0.236 1.42 4 0.000951 0.155 0.359 0.668 0
237 87 65 4.64 1.1 -1.17 0.6 36 2 2 13 26 59 0.2 1.66 4 0.00137 0.148 0.387 0.546 0
276 120 75 4.9 1.15 -0.602 0.458 38 4 6 3 31 93.9 0.2 1.69 4 0.000287 0.136 0.325 0.55 0
133 73 40 5 1.17 -0.541 0.545 29 4 2 9 73 58.3 0.275 1.43 3 0.00592 0.355 0.489 0.55 0
96 59 32 4.16 1.15 -0.899 0.538 29 2 1 7 109 7.51 0.219 1.19 3 0.00351 0.354 0.507 0.562 0
94 63 23 5.24 1.24 0.691 0.938 27 5 1 0 62 60.2 0.391 2.35 3 0.000152 0.189 0.308 0.435 0
143 74 30 7.05 1.19 0.297 0.917 28 5 2 0 57 27.9 0.2 2 4 0.000739 0.167 0.237 0.3 0
8 7 8 1 1 -3.4 1 4 2 0 0 20 2.72 0 0 0 0.00319 1 1 1 0
19 7 19 1 1 -3.4 1 6 7 0 7 17 13.2 0 0 0 0.0231 1 1 1 0
34 13 29 1.19 1 -3.33 1 7 8 1 3 53 22.4 0 0.172 2 0.00751 0.904 0.973 1 0
62 24 43 1.47 1.19 -0.944 1 8 8 1 9 80 67 0 0.209 2 0.00683 0.675 0.988 1 0
63 31 39 1.93 1.22 -0.538 1 12 8 6 1 62 60.7 0 0.359 2 0.00282 0.653 0.856 0.923 0
54 25 37 1.81 1.19 -1.04 0.833 10 5 1 5 55 6.52 0 0.27 2 0.00562 0.609 0.973 1 0
56 25 28 2.75 1.07 -2.17 0.25 16 4 3 0 44 4.96 0 0.714 2 0.00169 0.477 0.694 0.946 0
74 31 42 2.38 1.19 -0.87 0.667 14 2 2 12 61 32.8 0 0.524 2 0.00617 0.64 0.817 0.905 0
129 50 78 2.19 1.29 0.331 0.889 16 8 5 3 78 13.5 0 0.474 3 0.00479 0.613 0.878 0.949 0
93 33 39 3 1.15 -1.08 1 17 1 0 2 36 16.2 0.282 0.846 2 0.00409 0.394 0.592 0.718 0
58 36 27 2.6 1.17 -0.918 0.909 19 3 1 0 57 43.8 0.0741 0.815 3 0.00197 0.347 0.738 0.889 0
134 78 55 3.38 1.16 -0.991 0.867 24 5 2 0 64 49.2 0.164 0.964 3 0.00121 0.361 0.622 0.745 0
111 62 40 3.48 1.15 -0.901 0.882 26 3 8 1 48 50.1 0.275 1 4 0.00143 0.267 0.464 0.683 0
105 54 39 3.78 1.1 -1.5 1 27 1 1 1 0 68.7 0.154 1 4 0.00188 0.33 0.461 0.642 0
137 58 42 4.65 1.11 -1.23 0.364 26 1 11 0 55 61.3 0.19 1.55 3 0.00197 0.266 0.346 0.525 0
153 82 40 5.45 1.22 0.324 0.571 33 3 2 0 42 38 0.275 1.65 6 0.00106 0.203 0.375 0.575 0
147 73 43 5.11 1.14 -0.851 0.765 35 2 0 4 36 5.68 0.233 1.67 2 0.00205 0.17 0.359 0.569 0
176 58 44 5.2 1.09 -1.22 0.4 24 3 1 0 44 61.6 0.25 1.61 6 0.000493 0.164 0.517 0.625 0
165 96 53 4.18 1.19 -0.359 0.81 34 2 4 4 36 39.2 0.208 1.45 3 0.00244 0.272 0.44 0.651 0
38 20 16 3.08 1.08 -1.93 0.5 13 6 0 0 27 6.52 0 1.12 3 0.00076 0.43 0.774 0.938 0
16 14 13 1.5 1.06 -2.57 1 9 1 0 1 104 2.24 0 0.154 2 0.0092 0.923 0.942 1 0
22 14 20 1.33 1.14 -1.75 1 6 7 0 1 37 34.6 0 0.1 1 0.00734 0.901 1 1 0
17 14 15 1.38 1.35 0.817 1 8 3 1 2 28 4.83 0 0.133 1 0.00761 0.881 1 1 0
6 6 4 2 1.67 4.66 1 4 1 0 0 26 -0.0625 0 0.5 1 0.00287 0.558 1 1 0
22 14 13 2.57 1.23 -0.448 0.8 8 3 0 3 30 0.893 0 0.846 2 0.0133 0.624 0.787 1 0
17 5 17 1 1.06 -2.71 1 3 1 0 13 48 0 0 0 0 0.0429 1 1 1 0
87 42 44 2.46 1.05 -2.48 1 24 2 5 0 91 12.2 0.0909 0.614 2 0.00355 0.537 0.74 0.894 0
26 19 15 2.1 1.15 -1.3 1 13 2 1 0 55 2.12 0 0.333 2 0.00226 0.602 0.788 0.933 0
177 87 77 3.43 1.15 -1.16 0.867 29 17 39 23 214 17.4 0.13 0.883 4 0.0334 0.491 0.717 0.825 2
190 69 76 4.05 1.05 -2.19 0.958 27 15 27 19 154 38.3 0.145 0.921 3 0.135 0.474 0.683 0.777 2
282 125 81 4.42 1.14 -0.8 0.841 33 15 28 17 161 58.4 0.395 1.56 5 0.0904 0.362 0.441 0.538 2
493 146 76 9.02 1.24 1.61 0.755 33 44 6 46 91 17.6 0.434 3.04 6 0.00545 0.206 0.298 0.368 2
203 106 82 4.47 1.14 -1.14 0.654 35 6 30 6 115 22.6 0.256 0.976 4 0.234 0.459 0.607 0.732 2
348 134 125 4.83 1.14 -1.04 0.604 38 23 36 14 212 71 0.24 1.31 4 0.0824 0.452 0.593 0.694 2
381 102 112 4.1 1.22 0.0763 0.875 37 33 23 27 74 69.5 0.339 1.31 5 0.0229 0.316 0.418 0.577 2
278 125 105 3.74 1.21 -0.338 0.654 32 17 9 8 199 31.8 0.133 1.04 4 0.00346 0.528 0.677 0.758 2
316 137 108 4.51 1.17 -0.595 0.789 41 12 21 12 214 39.1 0.176 1.43 5 0.0604 0.406 0.548 0.697 2
149 61 147 1.29 1.11 -2.13 1 13 15 126 3 255 51.9 0 0.109 2 0.168 0.87 0.963 1 2
229 107 79 3.88 1.1 -1.53 0.773 37 9 36 12 105 40 0.139 1.11 4 0.0279 0.451 0.599 0.684 2
15 11 39 1.36 1.13 -2.07 1 3 2 22 1 0 10.1 0 0.0769 1 0.719 0.914 1 1 2
345 114 98 5.29 1.17 -0.365 0.571 40 15 20 13 147 52.4 0.378 1.8 5 0.022 0.229 0.435 0.611 2
189 79 92 3.16 1.18 -0.866 1 28 31 20 34 161 28.1 0.0435 0.663 4 0.0448 0.558 0.752 0.848 2
251 104 100 4.67 1.18 -0.696 0.727 37 38 15 19 167 46.5 0.16 1.05 3 0.0274 0.491 0.613 0.738 2
399 141 131 4.72 1.17 -0.562 0.731 39 23 36 25 183 19.8 0.191 1.33 4 0.0499 0.407 0.52 0.618 2
106 57 61 1.88 1.22 -0.552 0.75 17 9 35 9 111 44 0.0328 0.492 2 0.00629 0.505 0.863 0.934 2
164 65 105 2.07 1.05 -2.53 1 19 28 35 31 240 39.4 0.0286 0.333 3 0.105 0.616 0.897 0.948 2
271 75 139 2.78 1.19 -0.809 0.781 24 21 32 22 172 18.4 0.129 0.424 3 0.0774 0.583 0.735 0.83 2
161 71 70 3.48 1.14 -1.28 0.917 22 17 35 20 92 24.6 0.0429 0.871 3 0.0919 0.471 0.614 0.729 2
3 3 12 1 1 -3.69 1 2 1 2 1 140 0 0 0 0 0.755 1 1 1 2
99 38 74 1.78 1.21 -0.765 1 11 19 39 19 139 10.7 0.0676 0.351 3 0.121 0.73 0.907 0.959 2
37 22 52 1.12 1.35 0.633 1 4 4 41 5 238 6.7 0 0.0192 1 0.35 0.958 1 1 2
346 135 87 6.41 1.13 -0.67 0.605 36 15 11 9 92 122 0.391 1.91 5 0.0157 0.295 0.42 0.566 2
186 90 66 4.76 1.13 -1.17 0.769 29 8 35 8 188 43.9 0.0758 1.21 4 0.126 0.367 0.51 0.636 2
72 47 5 21.5 1.26 4.94 0.538 23 1 1 3 2 15.1 0.8 7.2 5 1.48e-32 2.86e-17 0 0 2
148 74 17 11.5 1.18 1.76 0.389 31 2 3 3 6 53 0.941 4.29 5 3.49e-07 0.000107 0.0112 0.129 2
52 39 11 6.67 1.25 1 0.25 21 2 1 1 7 15.4 0.273 1.73 4 0.00569 0.455 0.466 0.545 2
231 117 17 20 1.24 4.32 0.522 32 4 4 0 2 71.5 0.941 6.53 8 1.52e-15 4.69e-09 0 0 2
50 34 2 56 1.2 8.32 0.75 19 1 0 0 4 24.4 1 12 9 6.17e-60 4.27e-35 0 0 2
76 43 7 20.5 1.28 3.7 1 23 3 7 0 4 57.4 0.286 6.86 5 0.000121 0.143 0.143 0.143 2
100 63 8 19.7 1.26 4.15 0.556 28 3 2 2 2 25.6 0.375 6.62 5 3.34e-20 4.55e-09 0 0 2
94 53 17 8.46 1.18 0.501 0.235 25 3 2 0 2 39.4 0.529 2.82 4 7.22e-07 0.00138 0.17 0.412 2
59 41 6 12.8 1.19 2.25 0.7 19 4 2 4 2 13.8 0.667 4.5 5 4.13e-07 0.0496 0.167 0.167 2
115 71 12 14.2 1.22 2.51 0.714 25 3 3 2 7 37.4 0.583 5.08 5 1.67e-11 6.17e-07 0.00245 0 2
179 92 12 24 1.22 4.6 0.759 31 3 2 1 5 56.8 0.583 8 8 6.88e-20 5.73e-14 0 0 2
43 35 6 10.2 1.19 1.2 0.889 19 2 1 1 4 10.2 0.333 2 5 2.04e-07 0.000176 0.00712 0.19 2
155 66 12 22.9 1.24 4.06 0.176 25 5 4 4 4 45.8 0.5 6.08 7 3.54e-10 1.21e-05 0.0345 0.0833 2
29 20 4 10.3 1.28 2.29 0.5 16 1 1 1 3 5.21 1.5 4.25 4 0.00429 0.25 0.25 0.25 2
131 72 17 10.4 1.13 0.747 0.5 28 8 3 3 3 39.1 0.294 3.94 7 3.09e-06 0.002 0.17 0.348 2
49 39 4 18.3 1.39 5.56 0.667 22 1 3 3 3 20.4 0.75 7.75 6 3.75e-12 1.44e-06 0.0159 0.167 2
73 41 12 9.44 1.18 0.684 0.714 25 1 2 2 8 5.11 0.417 3.33 4 0.000786 0.0861 0.315 0.333 2
71 44 10 9.44 1.51 4.96 0.143 24 5 3 4 4 13.7 0.4 3.4 5 9.36e-07 0.00301 0.117 0.2 2
53 35 10 7.38 1.26 1.39 0.714 16 4 2 2 8 2.68 0.4 2.4 3 0.00197 0.2 0.265 0.4 2
61 28 7 11.5 1.2 1.93 0.333 16 1 2 2 6 6.45 0.714 4.71 4 8.93e-13 4.9e-08 0 0 2
59 39 8 11.5 1.25 2.09 0.273 19 4 1 1 4 5.98 0.625 3.12 5 0.00262 0.25 0.251 0.278 2
40 29 5 9.8 1.3 2.87 0.429 13 2 1 1 5 27.4 0.6 3.2 6 0.000522 0.2 0.2 0.2 2
131 76 13 26.8 1.24 2.93 0.643 29 6 2 1 6 34.4 0.462 6.31 4 8.37e-06 0.00724 0.1 0.103 2
161 82 16 13.9 1.23 2.85 0.421 27 2 0 0 3 38.9 0.688 5.81 5 4.94e-14 6.64e-06 0.00577 0.0417 2
31 24 5 8.25 1.16 0.531 0.4 16 3 3 3 4 4.04 0.2 4.2 3 1.76e-09 3.37e-06 0.0168 0 2
111 62 14 9.21 1.31 2.92 0.438 20 4 8 8 6 55.2 0.643 4.79 5 6.81e-12 5.17e-05 0.000862 0 2
76 45 12 10.5 1.16 0.543 0.2 24 4 5 2 11 4.04 0.583 3.42 5 0.000868 0.0836 0.109 0.333 2
95 66 10 13.9 1.31 3.52 0.667 25 3 3 3 11 56.1 0.5 4.8 6 0.0021 0.2 0.2 0.2 2
109 58 12 20 1.27 2.89 0.529 25 4 0 0 3 31.3 1.08 4.42 8 9.75e-07 0.0213 0.0849 0.125 2
99 67 10 14.1 1.3 3.65 0.75 29 1 1 1 5 52.1 0.5 5.7 5 5.18e-11 1.19e-07 0.000405 0 2
77 44 8 12.3 1.25 2.88 0.529 24 3 0 0 6 0.893 1.12 5.25 6 6.28e-16 2.83e-08 0 0 2
55 40 4 15.5 1.24 4.36 0.8 19 3 3 3 2 37.7 1 6.25 6 2.26e-17 0.00313 0 0 2
112 62 11 13.1 1.19 2.39 0.294 26 1 0 0 2 48.8 1.18 4.18 5 1.66e-17 1.79e-06 0.00947 0.00909 2
41 31 8 6.5 1.37 2.53 0.2 16 3 1 0 5 103 0.375 2 4 2.48e-05 0.251 0.375 0.5 2
39 31 3 14 1.33 5.21 0.5 14 1 1 1 5 10.8 2 5.33 5 0.00309 0.333 0.333 0.333 2
72 43 8 19.2 1.19 2.01 1 17 10 4 2 4 20 0.375 5 5 0.00131 0.125 0.13 0.125 2
64 31 10 7.8 1.34 2.76 0.455 18 2 8 8 5 -0.0625 0.5 4.1 4 1.05e-08 0.000112 0.0353 0.233 2
28 22 3 16 1.18 1.96 0.25 13 2 1 1 3 20.4 0.333 2.67 5 0.00571 0.333 0.333 0.333 2
87 56 8 13.7 1.33 4.38 0.6 23 3 2 2 7 28 1.5 5.88 7 1.41e-11 1.17e-05 0.00358 0.0417 2
31 27 4 13 1.32 3.04 0.167 16 1 1 1 6 2.68 0.75 4.5 3 6.76e-11 2.21e-07 0 0 2
107 59 13 11.4 1.28 2.73 0.462 27 3 0 0 5 49.8 0.692 4.69 4 1.26e-05 0.0794 0.142 0.231 2
59 41 7 10 1.25 2.5 0.25 22 2 3 3 8 13.8 0.286 4.86 5 4.88e-11 2.91e-05 0.0715 0.143 2
70 44 10 7.8 1.23 1.64 0.625 25 2 7 5 2 21.5 0.2 3.8 5 2.78e-09 7.8e-05 0.104 0.1 2
59 39 8 9.57 1.24 1.89 0.636 15 1 5 5 2 16 0.625 3.75 4 2.09e-10 0.000208 0.0289 0.118 2
72 50 11 8.9 1.25 1.71 0.308 21 3 5 5 4 28 0.273 3.73 5 2.83e-09 0.00216 0.114 0.197 2
77 40 12 8.09 1.36 3 0.462 21 1 5 5 6 7.64 0 3.75 5 0.000797 0.0833 0.0968 0.153 2
135 70 16 15.2 1.22 2.12 0.4 25 3 1 0 7 20.3 0.375 4.75 7 1.88e-05 0.00226 0.0625 0.0625 2
55 39 7 9.71 1.29 2.71 0.4 21 1 3 3 4 31.2 0.286 3.71 6 0.00131 0.143 0.15 0.19 2
81 51 8 18.4 1.22 2.78 0.364 21 3 4 4 4 19.4 1 6.12 5 2.71e-12 4.46e-07 0.0189 0.0911 2
36 25 7 8 1.36 2.48 0.5 17 5 6 5 5 1.48 0.429 3.29 3 5.07e-08 0.000102 0.111 0.286 2
125 77 12 13.9 1.24 3.1 0.688 30 2 6 6 8 10.2 0.583 6.25 12 0.000877 0.0881 0.176 0.188 2
80 48 11 8.91 1.32 2.88 0.25 18 1 0 0 3 29 0.727 4.18 8 6.75e-11 2.92e-06 0.00272 0.0455 2
94 47 12 10.8 1.27 2.4 0.5 20 1 1 0 5 13.2 0.25 4.42 5 8.17e-05 0.168 0.325 0.4 2
93 51 9 11.7 1.24 3.03 0.333 23 2 9 9 3 26 0.667 5.44 3 9.34e-12 1.05e-08 0.00182 0 2
185 99 19 12.4 1.29 3.45 0.375 28 7 4 1 4 51.1 0.895 5.42 5 1.73e-05 0.0527 0.0675 0.158 2
147 84 16 12.3 1.31 3.49 0.722 32 3 0 1 7 52.6 0.938 5 6 3.14e-08 0.000151 0.00591 0.125 2
101 66 16 9.29 1.38 3.11 0.5 24 6 2 2 11 33.4 0.25 2.88 7 0.00158 0.0694 0.25 0.25 2
84 61 9 10.6 1.31 3.5 0.545 24 5 2 2 5 60 0.889 4.67 6 5.23e-07 0.0325 0.114 0.111 2
133 77 13 12.5 1.31 3.84 0.467 27 3 6 3 5 38.3 0.692 4.77 6 0.00194 0.154 0.154 0.154 2
94 59 9 15.3 1.22 2.92 0.467 24 2 4 4 4 27.2 0.889 5.89 5 1.15e-15 3.63e-08 0.000476 0 2
52 41 8 15.3 1.23 1.47 1 24 3 2 2 7 26.7 0.75 3.75 4 2.95e-05 0.00292 0.156 0.375 2
58 40 4 16.8 1.17 3.9 0.375 20 3 0 0 3 21.5 1.75 6.25 6 1.19e-09 0.000148 0.0877 0.25 2
74 43 8 12.4 1.24 2.69 0.462 23 3 3 3 3 6.16 0.75 5.75 6 4.64e-10 9.44e-05 0.00169 0 2
30 23 3 12 1.4 4.83 0.75 14 2 2 2 5 7.72 1 6.33 4 2.27e-11 0.000725 0 0 2
69 39 6 24.7 1.22 3.26 0.25 21 3 1 2 3 18.8 0.333 5.33 5 1.21e-15 1.71e-07 9.26e-05 0 2
44 32 7 9 1.25 1.61 0.429 19 2 0 0 4 22 0.429 2.29 3 0.00367 0.287 0.429 0.429 2
165 88 14 13.5 1.32 4.53 0.739 30 8 5 1 2 64.1 0.857 7.43 8 5.43e-16 1.01e-07 0 0 2
171 96 18 12.2 1.23 2.61 0.762 34 1 4 3 6 94.2 0.667 5.17 5 1.39e-07 0.0166 0.0559 0.111 2
219 118 22 16.3 1.21 2.57 0.472 31 4 5 5 4 24.4 0.909 5.64 6 3.03e-08 0.000102 0.0521 0.0909 2
109 73 10 20.3 1.28 3.82 0.714 26 3 1 0 6 42.4 1.2 5.9 6 2.45e-14 7.96e-07 0.0025 0 2
66 48 8 9.75 1.27 2.65 0.833 18 2 1 1 3 34.3 0.375 3.25 4 2.39e-15 9.55e-18 0 0 2
75 50 8 16.8 1.28 3.17 0.818 26 4 0 0 4 9.49 0.375 6 4 1.85e-13 1.07e-06 8.74e-05 0 2
72 46 11 8.1 1.36 3.02 0.818 22 3 1 1 2 12.9 0.636 3.45 6 1.15e-08 0.000778 0.106 0.0909 2
79 43 11 8.18 1.32 2.75 0.333 19 1 1 0 3 34.6 0.545 4 3 3.01e-07 0.000123 0.101 0.114 2
57 39 7 11.5 1.28 2.7 0.571 24 1 2 0 2 16.8 0.286 4.43 5 8.11e-11 5.17e-05 0.0357 0.0952 2
37 28 4 11.2 1.35 3.96 0.4 21 2 2 0 2 0.893 0.5 5.5 5 1.9e-20 3.68e-09 0 0 2
70 44 6 12.7 1.23 3.46 0.875 25 1 1 1 3 12.9 0.833 6.83 5 1.93e-15 1.73e-07 0.00103 0 2
59 41 6 16.8 1.37 4.45 0.714 23 1 4 4 2 15.6 0.333 5.17 5 1.62e-18 5.28e-10 0 0 2
65 32 8 10.4 1.34 3.37 0.929 18 5 3 3 6 36.1 0.625 3.25 7 0.00123 0.125 0.162 0.25 2
41 26 5 10.8 1.24 2.29 0.25 14 3 2 2 3 0.893 0.2 4 5 2.66e-10 5.26e-05 0.0126 0 2
35 20 3 15 1.11 2.11 0.167 11 4 4 4 5 22.9 0.667 5 4 1.42e-13 4.48e-20 0 0 2
50 37 6 9.67 1.26 2.53 0.6 18 2 0 0 4 9.64 0.667 4.67 4 3.71e-17 6.7e-09 0 0 2
126 61 12 12.2 1.29 3.68 0.526 26 1 6 4 5 30.5 0.75 5.58 6 0.000766 0.0858 0.0972 0.167 2
43 31 5 9.8 1.26 2.58 0.333 15 3 1 1 4 -0.0625 0.2 4 5 7.53e-10 0.000147 0.005 0.2 2
181 86 19 12.6 1.16 1.82 0.516 32 7 4 4 4 15.9 0.684 5.63 5 1.14e-08 0.000213 0.0457 0.123 2
99 49 15 7.27 1.22 1.41 0.733 22 1 1 0 6 23.3 0.8 3.4 4 1.13e-10 5.56e-05 0.0425 0.142 2
54 35 6 11 1.22 2.34 0.222 18 2 5 5 3 18 1.17 4.83 3 1.83e-10 6.65e-07 0 0 2
79 50 9 17.2 1.23 2.32 0.5 22 1 3 3 5 19 0.889 4.44 4 1.07e-05 0.00158 0.116 0.111 2
40 29 5 9.6 1.18 1.4 0.167 15 4 4 4 3 20.1 1 2.8 7 3.36e-11 7.52e-06 0.0208 0.133 2
69 53 9 11 1.55 5.7 0.5 21 4 4 4 4 40.6 0.111 3.11 6 6.26e-12 0.000222 0 0.111 2
203 99 20 14 1.31 3.83 0.28 32 6 5 3 7 25.5 0.55 4.85 10 0.000462 0.0503 0.1 0.1 2
87 59 7 17 1.45 6.35 0.5 26 5 4 4 3 49.8 0.857 7 6 8.21e-27 8.48e-20 0 0 2
42 30 5 11 1.29 2.86 0.286 18 2 1 1 2 47.9 0.4 2.8 5 7.5e-12 6.43e-09 0 0 2
103 61 10 14.6 1.25 3.21 0.438 20 5 4 4 6 31.5 1.1 5.6 7 1.95e-11 7.19e-05 0.0258 0.1 2
62 44 8 10.2 1.44 4.37 0.222 14 1 4 0 4 26.9 0.25 2.88 5 9.07e-09 0.000643 0.0938 0.125 2
82 61 8 14.7 1.28 3.52 0.25 24 2 2 2 6 33.5 0.75 4.75 6 5.03e-12 8.13e-05 0.0174 0.1 2
128 89 18 10.3 1.26 2.03 0.611 33 4 4 4 6 30.3 0.667 3.61 5 1.46e-11 7.7e-06 0.0152 0.0648 2
114 67 10 14.3 1.29 4.07 0.455 23 1 1 1 5 29.5 0.8 5.7 5 6.48e-12 0.000108 0 0.1 2
20 13 7 3.71 1.3 0.864 0.167 9 3 0 0 7 0 0.143 1.14 2 0.000586 0.303 0.438 0.714 2
